Webots Project File version 8.6
perspectives: 000000ff00000000fd0000000300000000000000e40000030bfc0100000001fb0000001a0044006f00630075006d0065006e0074006100740069006f006e0000000000ffffffff0000004e00ffffff00000001000000e4000001c4fc0200000001fb0000001400540065007800740045006400690074006f00720100000000000001c4000000aa00ffffff0000000300000500000000defc0100000001fb0000000e0043006f006e0073006f006c00650100000000000005000000004f00ffffff00000416000001c400000001000000020000000100000008fc00000000
simulationViewPerspectives: 000000ff0000000100000002000000be0000043c0100000006010000000100
sceneTreePerspectives: 000000ff0000000100000002000000c0000000a80100000006010000000200
minimizedPerspectives: 000000ff00000000fd0000000300000000000002eb0000030bfc0100000001fb0000001a0044006f00630075006d0065006e0074006100740069006f006e0000000000ffffffff0000004e00ffffff000000010000019d0000029afc0200000001fb0000001400540065007800740045006400690074006f007201000000000000029a0000006d00ffffff00000003000005000000006bfc0100000001fb0000000e0043006f006e0073006f006c00650100000000000005000000004f00ffffff0000035d0000029a00000001000000020000000100000008fc00000000
maximizedDockId: -1
centralWidgetVisible: 1
orthographicViewHeight: 1
textFiles: 2 "../Practicals/Practice/controllers/my_controller/my_controller.c" "../../../../../../../../../Applications/Webots.app/projects/robots/e-puck/controllers/e-puck_avoid_obstacles/e-puck_avoid_obstacles.c" "controllers/wall_following/wall_following.c"
documentationBook: 
documentationPage: 
renderingDevicePerspectives: 363;1;1;0.0152941;0.0229592
renderingDevicePerspectives: 722;1;1;0.0152941;0.0229592
