Webots Project File version 8.6
perspectives: 000000ff00000000fd00000002000000000000009b000002a8fc0100000002fb0000001400540065007800740045006400690074006f007201000000000000009b0000009b00fffffffb0000001a0044006f00630075006d0065006e0074006100740069006f006e0000000000ffffffff0000004e00ffffff000000030000045f0000006bfc0100000001fb0000000e0043006f006e0073006f006c006501000000a10000045f0000004f00ffffff0000045f0000023700000001000000020000000100000008fc00000000
simulationViewPerspectives: 000000ff00000001000000020000011c000001cc0100000006010000000100
sceneTreePerspectives: 000000ff0000000100000002000000c0000000a80100000006010000000200
minimizedPerspectives: 000000ff00000000fd0000000300000000000002eb0000030bfc0100000001fb0000001a0044006f00630075006d0065006e0074006100740069006f006e0000000000ffffffff0000004e00ffffff000000010000019d0000029afc0200000001fb0000001400540065007800740045006400690074006f007201000000000000029a0000006d00ffffff00000003000005000000006bfc0100000001fb0000000e0043006f006e0073006f006c00650100000000000005000000004f00ffffff0000035d0000029a00000001000000020000000100000008fc00000000
maximizedDockId: -1
centralWidgetVisible: 1
orthographicViewHeight: 1
textFiles: 1 "../Practicals/Practice/controllers/my_controller/my_controller.c" "controllers/energy-damage-resources/energy-damage-resources.c"
documentationBook: 
documentationPage: 
renderingDevicePerspectives: 482;1;1;0.0156815;0.0177515
