Webots Project File version 8.6
perspectives: 000000ff00000000fd00000003000000000000000000000000fc0100000001fb0000001a0044006f00630075006d0065006e0074006100740069006f006e0000000000ffffffff0000004e00ffffff000000010000012400000229fc0200000001fb0000001400540065007800740045006400690074006f00720000000000000002290000004600ffffff0000000300000500000000dcfc0100000001fb0000000e0043006f006e0073006f006c00650000000000000005000000004f00ffffff000005000000030b00000001000000020000000100000008fc00000000
simulationViewPerspectives: 000000ff0000000100000002000000b4000004460100000006010000000100
sceneTreePerspectives: 000000ff0000000100000002000000c0000000a80100000006010000000200
minimizedPerspectives: 
maximizedDockId: -1
centralWidgetVisible: 1
orthographicViewHeight: 1
textFiles: -1
documentationBook: 
documentationPage: 
renderingDevicePerspectives: 1200;1;1;0.011883;0.0125174
renderingDevicePerspectives: 328;1;1;0.011883;0.0125174
renderingDevicePerspectives: 687;1;1;0.011883;0.0125174
