Webots Project File version 8.6
perspectives: 000000ff00000000fd00000003000000000000000000000000fc0100000001fb0000001a0044006f00630075006d0065006e0074006100740069006f006e0000000000ffffffff0000004e00ffffff0000000100000124000001c6fc0200000001fb0000001400540065007800740045006400690074006f00720100000000000001c60000004600ffffff0000000300000500000000dcfc0100000001fb0000000e0043006f006e0073006f006c00650100000000000005000000004f00ffffff000003d6000001c600000001000000020000000100000008fc00000000
simulationViewPerspectives: 000000ff000000010000000200000100000002d60100000006010000000100
sceneTreePerspectives: 000000ff0000000100000002000000c0000000a80100000006010000000200
minimizedPerspectives: 
maximizedDockId: -1
centralWidgetVisible: 1
orthographicViewHeight: 1
textFiles: -1
documentationBook: 
documentationPage: 
renderingDevicePerspectives: 328;1;1;0.0180556;0.0228426
renderingDevicePerspectives: 1200;1;1;0.0180556;0.0228426
renderingDevicePerspectives: 687;1;1;0.0180556;0.0228426
