Webots Project File version 8.6
perspectives: 000000ff00000000fd0000000300000000000001930000030bfc0100000002fb0000001a0044006f00630075006d0065006e0074006100740069006f006e0000000000ffffffff0000004e00fffffffb0000001a0052006f0062006f0074003a00200065002d007000750063006b000000000000000193000000000000000000000001000000e40000030bfc0200000001fb0000001400540065007800740045006400690074006f007201000000000000030b0000006d00ffffff00000003000005000000006bfc0100000001fb0000000e0043006f006e0073006f006c00650000000000000005000000004f00ffffff000004160000030b00000001000000020000000100000008fc00000000
simulationViewPerspectives: 000000ff000000010000000200000000000001d40100000006010000000100
sceneTreePerspectives: 000000ff0000000100000002000000c0000000a80100000006010000000200
minimizedPerspectives: 
maximizedDockId: -1
centralWidgetVisible: 1
orthographicViewHeight: 1
textFiles: 0 "controllers/garbage_collection/garbage_collection.c"
documentationBook: 
documentationPage: 
renderingDevicePerspectives: 820;1;1;0.0125;0.0125174
renderingDevicePerspectives: 1179;1;1;0.0125;0.0125174
renderingDevicePerspectives: 461;1;1;0.0125;0.0125174
