Webots Project File version 8.6
perspectives: 000000ff00000000fd00000003000000000000000000000000fc0100000001fb0000001a0044006f00630075006d0065006e0074006100740069006f006e0000000000ffffffff0000004e00ffffff00000001000000590000024efc0200000001fb0000001400540065007800740045006400690074006f007201000000000000024e0000006d00ffffff0000000300000500000000b7fc0100000001fb0000000e0043006f006e0073006f006c00650100000000000005000000004f00ffffff000004a10000024e00000001000000020000000100000008fc00000000
simulationViewPerspectives: 000000ff000000010000000200000100000002d60100000006010000000100
sceneTreePerspectives: 000000ff0000000100000002000000c0000000a80100000006010000000200
minimizedPerspectives: 
maximizedDockId: -1
centralWidgetVisible: 1
orthographicViewHeight: 1
textFiles: 0 "controllers/garbage_collection/garbage_collection.c"
documentationBook: 
documentationPage: 
renderingDevicePerspectives: 389;1;1;0.0140845;0.0169811
